3 5 5 3 5 3 5 5 1 3
3 5 5 3 5 1 5 5 3 5 6 3 2 1

1 1. 7 6 5 6 6 5 6
6 5 6 5 6 6 6 5 3 2 3 2

5 5 4 3 3 2 2 1

6 7 1. 1. 1. 1. 1. 2. 7 1.
1. 1. 7 6 5 3. 2. 1. 2.
6 7 1. 1. 1. 1. 1. 2. 7 1.
1. 1. 7 6 5 3. 2. 1. 2.

3. 2. 1. 1. 1. 1. 1. 2. 2. 1.
1. 1. 7 6 5 3. 2. 1. 2.
2 3 4 3 3 2 2 3 1


6 7 1 6 7 1 6 7 1 2. 1. 2.

2. 2. 2. 3. 1. 3. 2. 1.
3. 3. 3. 3. 2. 1. 2.
2. 2. 2. 3. 1. 3. 2. 1.
3. 3. 3. 3. 2. 1. 2.
2. 2. 2. 1. 2. 1.
3. 3. 3. 3. 2. 1. 2.
2. 2. 2. 1. 2. 1.
3. 3. 3. 3. 2. 1. 2.

6. 5. 1. 7
6. 5. 7 1.
6. 5. 1. 7
7 1. 5 7 1. 2. 1.

6. 5. 1. 7
7. 5. 7 1.
6 1. 6 1. 2. 1. 3. 2. 2. 1. 1. 2. 3. 4. 5.