6 1. 1. 6 1. 6 1. 1. 4 6
6 1. 1. 6 1. 4 1. 1. 6 1. 2. 6 5 4

4 4. 3. 2. 1. 2. 2. 1. 2.
2. 1. 2. 1. 2. 2. 2. 1. 6 5 6 5

1. 1. b7 6 6 5 5 4

2. 3. 4. 4. 4. 4. 4. 5. 3. 4.
4. 4. 3. 2. 1. 6. 5. 4. 5.
2. 3. 4. 4. 4. 4. 4. 5. 3. 4.
4. 4. 3. 2. 1. 6. 5. 4. 5.

6. 5. 4. 4. 4. 4. 4. 5. 5. 4.
4. 4. 3. 2. 1. 6. 5. 4. 5.
5 6 b7 6 6 5 5 6 4


2. 3. 4 2. 3. 4 2. 3. 4 5. 4. 5.

5. 5. 5. 6. 4. 6. 5. 4.
6. 6. 6. 6. 5. 4. 5.
5. 5. 5. 6. 4. 6. 5. 4.
6. 6. 6. 6. 5. 4. 5.
5. 5. 5. 4. 5. 4.
6. 6. 6. 6. 5. 4. 5.
5. 5. 5. 4. 5. 4.
6. 6. 6. 6. 5. 4. 5.

2.. 1.. 4. 3.
2.. 1.. 3. 4.
2.. 1.. 4. 3.
3. 4. 1. 3. 4. 5. 4.

2.. 1.. 4. 3.
3.. 1.. 3. 4.
2. 4. 2. 4. 5. 4. 6. 5. 5. 4. 4. 5. 6. b7. 1..